-4.08882960890625E9
-6.5911719818125E9
1.027609997265625E10
5357.0
2.4249735241015625E10
-1.249275407490625E10
-2.3552896690390625E10
-1.2177619789234375E10
-1.253254522415625E10
2.693916836078125E9
2.8840767806765625E10
11947.0
-2.5524431920984375E10
-3.53790718265625E8
-1.299311065628125E10
-6.694405924734375E9
2.3045812845859375E10
-6.337765161046875E9
3.230383141671875E9
2.3049643279921875E10
3.387882293640625E9
590326.0
-1.894929349296875E9
2.358601053803125E10
100000.0
100000.0
17181.803823818802
7.0
1.1817241379310344
